├ö├Â├«├ö├Â__________________________________________┬╝├ö├Â____________┬╝├ö├Â______┬╝├ö├Â_______┬╝├ö├Â__________┬╝├ö├Â_______┬╝├ö├Â______┬╝├ö├Â_______┬╝├ö├Â_______┬╝├ö├Â____________┬╝├ö├Â_______┬╝├ö├Â____________┬╝├ö├Â_________┬╝├ö├Â__________┬╝├ö├Â__________┬╝├ö├Â_______________┬╝├ö├Â_____________├ë
| Object File                              | Total Size | IRAM | .text | .vectors | DIRAM | .bss | .data | .text | Flash Code | .text | Flash Data | .rodata | .appdesc | RTC FAST | .rtc_reserved | .force_fast |

├ö├Â┬ú├ö├Â__________________________________________ÔòØ├ö├Â____________ÔòØ├ö├Â______ÔòØ├ö├Â_______ÔòØ├ö├Â__________ÔòØ├ö├Â_______ÔòØ├ö├Â______ÔòØ├ö├Â_______ÔòØ├ö├Â_______ÔòØ├ö├Â____________ÔòØ├ö├Â_______ÔòØ├ö├Â____________ÔòØ├ö├Â_________ÔòØ├ö├Â__________ÔòØ├ö├Â__________ÔòØ├ö├Â_______________ÔòØ├ö├Â_____________├▒
| x509_crt_bundle.S.obj                    |      68987 |    0 |     0 |        0 |     0 |    0 |     0 |     0 |          0 |     0 |      68987 |   68987 |        0 |        0 |             0 |           0 |
| esp_app_desc.c.obj                       |      61409 |    0 |     0 |        0 |    10 |   10 |     0 |     0 |        523 |   523 |      60876 |   60620 |      256 |        0 |             0 |           0 |
| wl_cnx.o                                 |      19257 |    0 |     0 |        0 |  4013 | 3937 |     2 |    74 |      13956 | 13956 |       1288 |    1288 |        0 |        0 |             0 |           0 |
| ieee80211_output.o                       |      15328 |    0 |     0 |        0 |  1833 |   13 |     2 |  1818 |      12871 | 12871 |        624 |     624 |        0 |        0 |             0 |           0 |
| pm.o                                     |      15165 |    0 |     0 |        0 |  4831 |  556 |    72 |  4203 |       9469 |  9469 |        865 |     865 |        0 |        0 |             0 |           0 |
| ieee80211_ioctl.o                        |      14932 |    0 |     0 |        0 |   117 |  117 |     0 |     0 |      12357 | 12357 |       2458 |    2458 |        0 |        0 |             0 |           0 |
| ieee80211_sta.o                          |      14397 |    0 |     0 |        0 |  1417 |   54 |    13 |  1350 |      11856 | 11856 |       1124 |    1124 |        0 |        0 |             0 |           0 |
| ieee80211_scan.o                         |      13392 |    0 |     0 |        0 |   323 |  309 |    14 |     0 |      11975 | 11975 |       1094 |    1094 |        0 |        0 |             0 |           0 |
| ieee80211_hostap.o                       |      13353 |    0 |     0 |        0 |    88 |   65 |     1 |    22 |      12144 | 12144 |       1121 |    1121 |        0 |        0 |             0 |           0 |
| pp.o                                     |      12212 |    0 |     0 |        0 |  5279 |   16 |  1153 |  4110 |       6364 |  6364 |        569 |     569 |        0 |        0 |             0 |           0 |
| mqtt_client.c.obj                        |      10380 |    0 |     0 |        0 |     0 |    0 |     0 |     0 |      10137 | 10137 |        243 |     243 |        0 |        0 |             0 |           0 |
| ieee80211_ht.o                           |      10258 |    0 |     0 |        0 |   565 |    4 |     1 |   560 |       8344 |  8344 |       1349 |    1349 |        0 |        0 |             0 |           0 |
| sae.c.obj                                |       9516 |    0 |     0 |        0 |     0 |    0 |     0 |     0 |       9516 |  9516 |          0 |       0 |        0 |        0 |             0 |           0 |
| wpa.c.obj                                |       8999 |    0 |     0 |        0 |   876 |  876 |     0 |     0 |       8123 |  8123 |          0 |       0 |        0 |        0 |             0 |           0 |
| tasks.c.obj                              |       8055 |  128 |   128 |        0 |  7923 |  696 |    22 |  7205 |          0 |     0 |          4 |       4 |        0 |        0 |             0 |           0 |
| ED_mqtt.cpp.obj                          |       7975 |    0 |     0 |        0 |  4618 | 4578 |    40 |     0 |       3313 |  3313 |         44 |      44 |        0 |        0 |             0 |           0 |
| ssl_tls.c.obj                            |       7723 |    0 |     0 |        0 |    26 |    0 |    26 |     0 |       7483 |  7483 |        214 |     214 |        0 |        0 |             0 |           0 |
| wdev.o                                   |       7530 |  514 |   514 |        0 |  2050 |  140 |   196 |  1714 |       4531 |  4531 |        435 |     435 |        0 |        0 |             0 |           0 |
| mqtt5_msg.c.obj                          |       7490 |    0 |     0 |        0 |     0 |    0 |     0 |     0 |       7316 |  7316 |        174 |     174 |        0 |        0 |             0 |           0 |
| ecp.c.obj                                |       7457 |    0 |     0 |        0 |    68 |   68 |     0 |     0 |       7153 |  7153 |        236 |     236 |        0 |        0 |             0 |           0 |
| ieee80211_nvs.o                          |       7425 |    0 |     0 |        0 |  1316 | 1312 |     4 |     0 |       5682 |  5682 |        427 |     427 |        0 |        0 |             0 |           0 |
| sockets.c.obj                            |       7054 |    0 |     0 |        0 |   328 |  328 |     0 |     0 |       6726 |  6726 |          0 |       0 |        0 |        0 |             0 |           0 |
| lmac.o                                   |       7051 |    0 |     0 |        0 |  1384 |    0 |    51 |  1333 |       4963 |  4963 |        704 |     704 |        0 |        0 |             0 |           0 |
| wpa_auth.c.obj                           |       6904 |    0 |     0 |        0 |    68 |   68 |     0 |     0 |       6830 |  6830 |          6 |       6 |        0 |        0 |             0 |           0 |
| ecp_curves.c.obj                         |       6743 |    0 |     0 |        0 |     0 |    0 |     0 |     0 |       4467 |  4467 |       2276 |    2276 |        0 |        0 |             0 |           0 |
| ieee80211_input.o                        |       6503 |    0 |     0 |        0 |     0 |    0 |     0 |     0 |       5936 |  5936 |        567 |     567 |        0 |        0 |             0 |           0 |
| rsa.c.obj                                |       6304 |    0 |     0 |        0 |     0 |    0 |     0 |     0 |       6304 |  6304 |          0 |       0 |        0 |        0 |             0 |           0 |
| ieee80211_api.o                          |       6228 |    0 |     0 |        0 |    19 |    7 |    12 |     0 |       5699 |  5699 |        510 |     510 |        0 |        0 |             0 |           0 |
| tcp_in.c.obj                             |       5910 |    0 |     0 |        0 |    52 |   52 |     0 |     0 |       5858 |  5858 |          0 |       0 |        0 |        0 |             0 |           0 |
| trc.o                                    |       5625 |    0 |     0 |        0 |  1705 |   12 |   676 |  1017 |       3368 |  3368 |        552 |     552 |        0 |        0 |             0 |           0 |
| esp_memprot.c.obj                        |       5575 |    0 |     0 |        0 |    24 |    0 |    24 |     0 |       5495 |  5495 |         56 |      56 |        0 |        0 |             0 |           0 |
| bignum.c.obj                             |       5376 |    0 |     0 |        0 |     0 |    0 |     0 |     0 |       5209 |  5209 |        167 |     167 |        0 |        0 |             0 |           0 |
| ED_wifi.cpp.obj                          |       5322 |    0 |     0 |        0 |   596 |  578 |    18 |     0 |       4722 |  4722 |          4 |       4 |        0 |        0 |             0 |           0 |
| dhcp.c.obj                               |       5249 |    0 |     0 |        0 |    64 |   64 |     0 |     0 |       5185 |  5185 |          0 |       0 |        0 |        0 |             0 |           0 |
| rtc_clk.c.obj                            |       5159 |  128 |   128 |        0 |  5031 |   12 |  2692 |  2327 |          0 |     0 |          0 |       0 |        0 |        0 |             0 |           0 |
| ssl_tls12_server.c.obj                   |       5010 |    0 |     0 |        0 |     0 |    0 |     0 |     0 |       5004 |  5004 |          6 |       6 |        0 |        0 |             0 |           0 |
| phy_rx_cal.o                             |       4980 |    0 |     0 |        0 |    32 |    0 |    32 |     0 |       4948 |  4948 |          0 |       0 |        0 |        0 |             0 |           0 |
| main.cpp.obj                             |       4964 |    0 |     0 |        0 |  3926 | 3926 |     0 |     0 |       1034 |  1034 |          4 |       4 |        0 |        0 |             0 |           0 |
| ssl_msg.c.obj                            |       4958 |    0 |     0 |        0 |     0 |    0 |     0 |     0 |       4958 |  4958 |          0 |       0 |        0 |        0 |             0 |           0 |
| vfs.c.obj                                |       4938 |    0 |     0 |        0 |   232 |   40 |   192 |     0 |       4706 |  4706 |          0 |       0 |        0 |        0 |             0 |           0 |
| nvs_storage.cpp.obj                      |       4711 |    0 |     0 |        0 |     0 |    0 |     0 |     0 |       4700 |  4700 |         11 |      11 |        0 |        0 |             0 |           0 |
| x509_crt.c.obj                           |       4697 |    0 |     0 |        0 |     0 |    0 |     0 |     0 |       4655 |  4655 |         42 |      42 |        0 |        0 |             0 |           0 |
| esp_netif_lwip.c.obj                     |       4656 |    0 |     0 |        0 |    21 |   21 |     0 |     0 |       4594 |  4594 |         41 |      41 |        0 |        0 |             0 |           0 |
| nvs_page.cpp.obj                         |       4478 |    0 |     0 |        0 |     0 |    0 |     0 |     0 |       4478 |  4478 |          0 |       0 |        0 |        0 |             0 |           0 |
| dns.c.obj                                |       4135 |    0 |     0 |        0 |  1183 | 1183 |     0 |     0 |       2948 |  2948 |          4 |       4 |        0 |        0 |             0 |           0 |
| tlsf.c.obj                               |       4134 |    4 |     4 |        0 |  2940 |    0 |     0 |  2940 |       1190 |  1190 |          0 |       0 |        0 |        0 |             0 |           0 |
| phy_init.o                               |       4128 |    0 |     0 |        0 |  1541 |   46 |   768 |   727 |       2587 |  2587 |          0 |       0 |        0 |        0 |             0 |           0 |
| ieee80211_supplicant.o                   |       4075 |    0 |     0 |        0 |   164 |  160 |     4 |     0 |       3747 |  3747 |        164 |     164 |        0 |        0 |             0 |           0 |
| libc_a-strtod.o                          |       4030 |    0 |     0 |        0 |     0 |    0 |     0 |     0 |       3926 |  3926 |        104 |     104 |        0 |        0 |             0 |           0 |
| phy_reg.o                                |       3953 |    0 |     0 |        0 |  2711 |    0 |     0 |  2711 |       1242 |  1242 |          0 |       0 |        0 |        0 |             0 |           0 |
| transport_ws.c.obj                       |       3904 |    0 |     0 |        0 |     0 |    0 |     0 |     0 |       3882 |  3882 |         22 |      22 |        0 |        0 |             0 |           0 |
| port.c.obj                               |       3814 |   84 |    84 |        0 |  3730 |   40 |  3084 |   606 |          0 |     0 |          0 |       0 |        0 |        0 |             0 |           0 |
| phy_tx_cal.o                             |       3757 |    0 |     0 |        0 |     3 |    0 |     3 |     0 |       3754 |  3754 |          0 |       0 |        0 |        0 |             0 |           0 |
| ssl_tls12_client.c.obj                   |       3683 |    0 |     0 |        0 |     0 |    0 |     0 |     0 |       3683 |  3683 |          0 |       0 |        0 |        0 |             0 |           0 |
| libc_a-dtoa.o                            |       3611 |    0 |     0 |        0 |     0 |    0 |     0 |     0 |       3611 |  3611 |          0 |       0 |        0 |        0 |             0 |           0 |
| aria.c.obj                               |       3584 |    0 |     0 |        0 |     0 |    0 |     0 |     0 |       2512 |  2512 |       1072 |    1072 |        0 |        0 |             0 |           0 |
| uart_vfs.c.obj                           |       3555 |    0 |     0 |        0 |   148 |   20 |   128 |     0 |       3215 |  3215 |        192 |     192 |        0 |        0 |             0 |           0 |
| tcp_out.c.obj                            |       3544 |    0 |     0 |        0 |     0 |    0 |     0 |     0 |       3544 |  3544 |          0 |       0 |        0 |        0 |             0 |           0 |
| tcp.c.obj                                |       3431 |    0 |     0 |        0 |    25 |   23 |     2 |     0 |       3370 |  3370 |         36 |      36 |        0 |        0 |             0 |           0 |
| pkparse.c.obj                            |       3424 |    0 |     0 |        0 |     0 |    0 |     0 |     0 |       3424 |  3424 |          0 |       0 |        0 |        0 |             0 |           0 |
| ieee80211.o                              |       3409 |    0 |     0 |        0 |   688 |  688 |     0 |     0 |       2322 |  2322 |        399 |     399 |        0 |        0 |             0 |           0 |
| hal_mac.o                                |       3402 |   34 |    34 |        0 |   340 |    0 |     0 |   340 |       3028 |  3028 |          0 |       0 |        0 |        0 |             0 |           0 |
| mqtt5_client.c.obj                       |       3339 |    0 |     0 |        0 |     0 |    0 |     0 |     0 |       3209 |  3209 |        130 |     130 |        0 |        0 |             0 |           0 |
| esp_flash_api.c.obj                      |       3260 |  218 |   218 |        0 |  2838 |    0 |   238 |  2600 |         24 |    24 |        180 |     180 |        0 |        0 |             0 |           0 |
| api_msg.c.obj                            |       3202 |    0 |     0 |        0 |     0 |    0 |     0 |     0 |       3198 |  3198 |          4 |       4 |        0 |        0 |             0 |           0 |
| spi_flash_chip_generic.c.obj             |       3197 |   28 |    28 |        0 |  3169 |    0 |   209 |  2960 |          0 |     0 |          0 |       0 |        0 |        0 |             0 |           0 |
| esp_event.c.obj                          |       3191 |    0 |     0 |        0 |     0 |    0 |     0 |     0 |       3191 |  3191 |          0 |       0 |        0 |        0 |             0 |           0 |
| spi_flash_hal_iram.c.obj                 |       3151 |   20 |    20 |        0 |  3131 |    0 |     0 |  3131 |          0 |     0 |          0 |       0 |        0 |        0 |             0 |           0 |
| phy_hw_freq.o                            |       3122 |    0 |     0 |        0 |   164 |    0 |    76 |    88 |       2958 |  2958 |          0 |       0 |        0 |        0 |             0 |           0 |
| gcm.c.obj                                |       3094 |    0 |     0 |        0 |     0 |    0 |     0 |     0 |       3062 |  3062 |         32 |      32 |        0 |        0 |             0 |           0 |
| sae_pk.c.obj                             |       3068 |    0 |     0 |        0 |     0 |    0 |     0 |     0 |       2012 |  2012 |       1056 |    1056 |        0 |        0 |             0 |           0 |
| ieee80211_timer.o                        |       3044 |    0 |     0 |        0 |   216 |    0 |   216 |     0 |       1510 |  1510 |       1318 |    1318 |        0 |        0 |             0 |           0 |
| dhcpserver.c.obj                         |       3042 |    0 |     0 |        0 |     0 |    0 |     0 |     0 |       3038 |  3038 |          4 |       4 |        0 |        0 |             0 |           0 |
| libc_a-mprec.o                           |       2948 |    0 |     0 |        0 |     0 |    0 |     0 |     0 |       2652 |  2652 |        296 |     296 |        0 |        0 |             0 |           0 |
| uart.c.obj                               |       2933 |    0 |     0 |        0 |   164 |   12 |   152 |     0 |       2535 |  2535 |        234 |     234 |        0 |        0 |             0 |           0 |
| x509.c.obj                               |       2913 |    0 |     0 |        0 |     0 |    0 |     0 |     0 |       2913 |  2913 |          0 |       0 |        0 |        0 |             0 |           0 |
| gdma.c.obj                               |       2809 |   16 |    16 |        0 |   151 |    0 |    16 |   135 |       2513 |  2513 |        129 |     129 |        0 |        0 |             0 |           0 |
| esf_buf.o                                |       2742 |    0 |     0 |        0 |  1093 |  192 |   364 |   537 |       1159 |  1159 |        490 |     490 |        0 |        0 |             0 |           0 |
| esp_tls.c.obj                            |       2741 |    0 |     0 |        0 |     0 |    0 |     0 |     0 |       2741 |  2741 |          0 |       0 |        0 |        0 |             0 |           0 |
| wpa_common.c.obj                         |       2655 |    0 |     0 |        0 |     0 |    0 |     0 |     0 |       2643 |  2643 |         12 |      12 |        0 |        0 |             0 |           0 |
| esp_aes_gcm.c.obj                        |       2605 |    0 |     0 |        0 |     0 |    0 |     0 |     0 |       2541 |  2541 |         64 |      64 |        0 |        0 |             0 |           0 |
| cipher.c.obj                             |       2577 |    0 |     0 |        0 |     0 |    0 |     0 |     0 |       2577 |  2577 |          0 |       0 |        0 |        0 |             0 |           0 |
| esp_tls_mbedtls.c.obj                    |       2564 |    0 |     0 |        0 |     4 |    4 |     0 |     0 |       2560 |  2560 |          0 |       0 |        0 |        0 |             0 |           0 |
| transport_ssl.c.obj                      |       2521 |    0 |     0 |        0 |     0 |    0 |     0 |     0 |       2497 |  2497 |         24 |      24 |        0 |        0 |             0 |           0 |
| esp_wpa3.c.obj                           |       2516 |    0 |     0 |        0 |   164 |  156 |     8 |     0 |       2352 |  2352 |          0 |       0 |        0 |        0 |             0 |           0 |
| wl_chm.o                                 |       2453 |    0 |     0 |        0 |   592 |  592 |     0 |     0 |       1795 |  1795 |         66 |      66 |        0 |        0 |             0 |           0 |
| crypto_mbedtls-ec.c.obj                  |       2432 |    0 |     0 |        0 |     0 |    0 |     0 |     0 |       2432 |  2432 |          0 |       0 |        0 |        0 |             0 |           0 |
| intr_alloc.c.obj                         |       2367 |  541 |   541 |        0 |    30 |   22 |     8 |     0 |       1796 |  1796 |          0 |       0 |        0 |        0 |             0 |           0 |
| esp_mmu_map.c.obj                        |       2281 |  366 |   366 |        0 |    52 |   48 |     4 |     0 |       1814 |  1814 |         49 |      49 |        0 |        0 |             0 |           0 |
| rtc_init.c.obj                           |       2189 |    0 |     0 |        0 |    16 |    0 |    16 |     0 |       2173 |  2173 |          0 |       0 |        0 |        0 |             0 |           0 |
| ssl_ciphersuites.c.obj                   |       2157 |    0 |     0 |        0 |   240 |  240 |     0 |     0 |        229 |   229 |       1688 |    1688 |        0 |        0 |             0 |           0 |
| task_wdt.c.obj                           |       2088 |    0 |     0 |        0 |    38 |    5 |    33 |     0 |       1986 |  1986 |         64 |      64 |        0 |        0 |             0 |           0 |
| xtensa_vectors.S.obj                     |       2085 | 2001 |  1574 |      427 |    36 |    0 |    36 |     0 |          0 |     0 |         48 |      48 |        0 |        0 |             0 |           0 |
| if_hwctrl.o                              |       2059 |    0 |     0 |        0 |    67 |   41 |     0 |    26 |       1954 |  1954 |         38 |      38 |        0 |        0 |             0 |           0 |
| etharp.c.obj                             |       2032 |    0 |     0 |        0 |   241 |  241 |     0 |     0 |       1791 |  1791 |          0 |       0 |        0 |        0 |             0 |           0 |
| wpa_auth_ie.c.obj                        |       2002 |    0 |     0 |        0 |     0 |    0 |     0 |     0 |       2002 |  2002 |          0 |       0 |        0 |        0 |             0 |           0 |
| phy_tx_gain.o                            |       1995 |    0 |     0 |        0 |   402 |    0 |   184 |   218 |       1593 |  1593 |          0 |       0 |        0 |        0 |             0 |           0 |
| phy_i2c.o                                |       1965 |    0 |     0 |        0 |   966 |    0 |     0 |   966 |        999 |   999 |          0 |       0 |        0 |        0 |             0 |           0 |
| oid.c.obj                                |       1962 |    0 |     0 |        0 |     0 |    0 |     0 |     0 |        593 |   593 |       1369 |    1369 |        0 |        0 |             0 |           0 |
| ieee802_11.c.obj                         |       1951 |    0 |     0 |        0 |     0 |    0 |     0 |     0 |       1951 |  1951 |          0 |       0 |        0 |        0 |             0 |           0 |
| phy_rx_gain.o                            |       1937 |    0 |     0 |        0 |    88 |    0 |    88 |     0 |       1849 |  1849 |          0 |       0 |        0 |        0 |             0 |           0 |
| phy_rfpll.o                              |       1914 |    0 |     0 |        0 |     0 |    0 |     0 |     0 |       1914 |  1914 |          0 |       0 |        0 |        0 |             0 |           0 |
| bignum_core.c.obj                        |       1890 |    0 |     0 |        0 |     0 |    0 |     0 |     0 |       1890 |  1890 |          0 |       0 |        0 |        0 |             0 |           0 |
| spi_flash_chip_mxic_opi.c.obj            |       1883 |   16 |    16 |        0 |  1867 |    0 |   135 |  1732 |          0 |     0 |          0 |       0 |        0 |        0 |             0 |           0 |
| queue.c.obj                              |       1836 |    4 |     4 |        0 |  1832 |    0 |     0 |  1832 |          0 |     0 |          0 |       0 |        0 |        0 |             0 |           0 |
| esp_err_to_name.c.obj                    |       1836 |    0 |     0 |        0 |     0 |    0 |     0 |     0 |         46 |    46 |       1790 |    1790 |        0 |        0 |             0 |           0 |
| spi_flash_hal_gpspi.c.obj                |       1807 |   16 |    16 |        0 |  1791 |    0 |     0 |  1791 |          0 |     0 |          0 |       0 |        0 |        0 |             0 |           0 |
| mqtt_msg.c.obj                           |       1804 |    0 |     0 |        0 |     0 |    0 |     0 |     0 |       1804 |  1804 |          0 |       0 |        0 |        0 |             0 |           0 |
| nvs_api.cpp.obj                          |       1797 |    0 |     0 |        0 |    16 |   16 |     0 |     0 |       1781 |  1781 |          0 |       0 |        0 |        0 |             0 |           0 |
| api_lib.c.obj                            |       1779 |    0 |     0 |        0 |     0 |    0 |     0 |     0 |       1779 |  1779 |          0 |       0 |        0 |        0 |             0 |           0 |
| ieee80211_crypto.o                       |       1748 |    0 |     0 |        0 |    44 |   44 |     0 |     0 |       1415 |  1415 |        289 |     289 |        0 |        0 |             0 |           0 |
| cipher_wrap.c.obj                        |       1740 |    0 |     0 |        0 |    28 |    0 |    28 |     0 |        644 |   644 |       1068 |    1068 |        0 |        0 |             0 |           0 |
| phy_init.c.obj                           |       1727 |  140 |   140 |        0 |    19 |   11 |     8 |     0 |       1478 |  1478 |         90 |      90 |        0 |        0 |             0 |           0 |
| netif.c.obj                              |       1718 |    0 |     0 |        0 |    97 |   97 |     0 |     0 |       1621 |  1621 |          0 |       0 |        0 |        0 |             0 |           0 |
| esp_adapter.c.obj                        |       1673 |  205 |   205 |        0 |   566 |    5 |   480 |    81 |        902 |   902 |          0 |       0 |        0 |        0 |             0 |           0 |
| ecdsa.c.obj                              |       1672 |    0 |     0 |        0 |     0 |    0 |     0 |     0 |       1672 |  1672 |          0 |       0 |        0 |        0 |             0 |           0 |
| ccm.c.obj                                |       1670 |    0 |     0 |        0 |     0 |    0 |     0 |     0 |       1670 |  1670 |          0 |       0 |        0 |        0 |             0 |           0 |
| rsa_alt_helpers.c.obj                    |       1658 |    0 |     0 |        0 |     0 |    0 |     0 |     0 |       1658 |  1658 |          0 |       0 |        0 |        0 |             0 |           0 |
| udp.c.obj                                |       1610 |    0 |     0 |        0 |     6 |    4 |     2 |     0 |       1604 |  1604 |          0 |       0 |        0 |        0 |             0 |           0 |
| pbuf.c.obj                               |       1575 |    0 |     0 |        0 |     1 |    1 |     0 |     0 |       1574 |  1574 |          0 |       0 |        0 |        0 |             0 |           0 |
| usb_serial_jtag_vfs.c.obj                |       1541 |    0 |     0 |        0 |    64 |    8 |    56 |     0 |       1361 |  1361 |        116 |     116 |        0 |        0 |             0 |           0 |
| phy_feature.o                            |       1538 |    0 |     0 |        0 |    42 |    0 |     0 |    42 |       1496 |  1496 |          0 |       0 |        0 |        0 |             0 |           0 |
| libc_a-nano-vfprintf_float.o             |       1492 |    0 |     0 |        0 |     0 |    0 |     0 |     0 |       1492 |  1492 |          0 |       0 |        0 |        0 |             0 |           0 |
| cpu_start.c.obj                          |       1489 | 1403 |  1403 |        0 |     5 |    5 |     0 |     0 |         57 |    57 |         24 |      24 |        0 |        0 |             0 |           0 |
| hal_mac_tx.o                             |       1478 |    0 |     0 |        0 |    38 |    0 |     0 |    38 |       1440 |  1440 |          0 |       0 |        0 |        0 |             0 |           0 |
| libc_a-strerror.o                        |       1478 |    0 |     0 |        0 |     0 |    0 |     0 |     0 |        906 |   906 |        572 |     572 |        0 |        0 |             0 |           0 |
| esp_hostap.c.obj                         |       1466 |    0 |     0 |        0 |     4 |    4 |     0 |     0 |       1462 |  1462 |          0 |       0 |        0 |        0 |             0 |           0 |
| ip4.c.obj                                |       1450 |    0 |     0 |        0 |     6 |    6 |     0 |     0 |       1444 |  1444 |          0 |       0 |        0 |        0 |             0 |           0 |
| ieee80211_phy.o                          |       1440 |    0 |     0 |        0 |   212 |    0 |   212 |     0 |        763 |   763 |        465 |     465 |        0 |        0 |             0 |           0 |
| rtc_io_periph.c.obj                      |       1428 |    0 |     0 |        0 |     0 |    0 |     0 |     0 |          0 |     0 |       1428 |    1428 |        0 |        0 |             0 |           0 |
| esp_wpa_main.c.obj                       |       1416 |    0 |     0 |        0 |    10 |   10 |     0 |     0 |       1406 |  1406 |          0 |       0 |        0 |        0 |             0 |           0 |
| hashtable_c++0x.o                        |       1407 |    0 |     0 |        0 |     0 |    0 |     0 |     0 |        365 |   365 |       1042 |    1042 |        0 |        0 |             0 |           0 |
| gdma_hal_ahb_v1.c.obj                    |       1401 |    0 |     0 |        0 |   466 |    0 |     4 |   462 |        935 |   935 |          0 |       0 |        0 |        0 |             0 |           0 |
| esp_bignum.c.obj                         |       1392 |   71 |    71 |        0 |    88 |   88 |     0 |     0 |       1233 |  1233 |          0 |       0 |        0 |        0 |             0 |           0 |
| hal_tsf.o                                |       1391 |   34 |    34 |        0 |     8 |    8 |     0 |     0 |       1349 |  1349 |          0 |       0 |        0 |        0 |             0 |           0 |
| md.c.obj                                 |       1385 |    0 |     0 |        0 |     0 |    0 |     0 |     0 |       1337 |  1337 |         48 |      48 |        0 |        0 |             0 |           0 |
| periph_ctrl.c.obj                        |       1384 |  153 |   153 |        0 |   249 |   41 |     8 |   200 |        982 |   982 |          0 |       0 |        0 |        0 |             0 |           0 |
| libc_a-gdtoa-gethex.o                    |       1357 |    0 |     0 |        0 |     0 |    0 |     0 |     0 |       1357 |  1357 |          0 |       0 |        0 |        0 |             0 |           0 |
| http_parser.c.obj                        |       1347 |    0 |     0 |        0 |     0 |    0 |     0 |     0 |       1315 |  1315 |         32 |      32 |        0 |        0 |             0 |           0 |
| esp_timer.c.obj                          |       1337 |  596 |   596 |        0 |    16 |    8 |     8 |     0 |        717 |   717 |          8 |       8 |        0 |        0 |             0 |           0 |
| ED_sysInfo.cpp.obj                       |       1332 |    0 |     0 |        0 |    40 |   32 |     8 |     0 |       1246 |  1246 |         46 |      46 |        0 |        0 |             0 |           0 |
| esp_crt_bundle.c.obj                     |       1332 |    0 |     0 |        0 |     4 |    4 |     0 |     0 |        920 |   920 |        408 |     408 |        0 |        0 |             0 |           0 |
| ctr_drbg.c.obj                           |       1328 |    0 |     0 |        0 |     0 |    0 |     0 |     0 |       1328 |  1328 |          0 |       0 |        0 |        0 |             0 |           0 |
| timers.c.obj                             |       1325 |   48 |    48 |        0 |  1277 |  304 |     8 |   965 |          0 |     0 |          0 |       0 |        0 |        0 |             0 |           0 |
| panic.c.obj                              |       1318 |   30 |    30 |        0 |    41 |    9 |    20 |    12 |       1231 |  1231 |         16 |      16 |        0 |        0 |             0 |           0 |
| aes-gcm.c.obj                            |       1311 |    0 |     0 |        0 |     0 |    0 |     0 |     0 |       1311 |  1311 |          0 |       0 |        0 |        0 |             0 |           0 |
| pkcs12.c.obj                             |       1309 |    0 |     0 |        0 |     0 |    0 |     0 |     0 |       1309 |  1309 |          0 |       0 |        0 |        0 |             0 |           0 |
| igmp.c.obj                               |       1285 |    0 |     0 |        0 |     9 |    9 |     0 |     0 |       1276 |  1276 |          0 |       0 |        0 |        0 |             0 |           0 |
| ssl_client.c.obj                         |       1268 |    0 |     0 |        0 |     0 |    0 |     0 |     0 |       1268 |  1268 |          0 |       0 |        0 |        0 |             0 |           0 |
| eloop.c.obj                              |       1262 |    0 |     0 |        0 |    40 |   40 |     0 |     0 |       1222 |  1222 |          0 |       0 |        0 |        0 |             0 |           0 |
| esp_aes_dma_core.c.obj                   |       1253 |   75 |    75 |        0 |   144 |   88 |    56 |     0 |       1034 |  1034 |          0 |       0 |        0 |        0 |             0 |           0 |
| esp_ipc.c.obj                            |       1252 |  231 |   231 |        0 |   402 |   66 |   336 |     0 |        615 |   615 |          4 |       4 |        0 |        0 |             0 |           0 |
| gpio.c.obj                               |       1231 |    0 |     0 |        0 |    36 |    0 |    36 |     0 |       1018 |  1018 |        177 |     177 |        0 |        0 |             0 |           0 |
| asn1parse.c.obj                          |       1231 |    0 |     0 |        0 |     0 |    0 |     0 |     0 |       1231 |  1231 |          0 |       0 |        0 |        0 |             0 |           0 |
| panic_arch.c.obj                         |       1224 |    0 |     0 |        0 |     0 |    0 |     0 |     0 |        936 |   936 |        288 |     288 |        0 |        0 |             0 |           0 |
| heap_caps.c.obj                          |       1206 |  571 |   571 |        0 |     8 |    4 |     4 |     0 |        476 |   476 |        151 |     151 |        0 |        0 |             0 |           0 |
| libc_a-nano-vfscanf_float.o              |       1191 |    0 |     0 |        0 |     0 |    0 |     0 |     0 |       1075 |  1075 |        116 |     116 |        0 |        0 |             0 |           0 |
| crypto_mbedtls.c.obj                     |       1183 |    0 |     0 |        0 |     0 |    0 |     0 |     0 |       1183 |  1183 |          0 |       0 |        0 |        0 |             0 |           0 |
| pmksa_cache.c.obj                        |       1177 |    0 |     0 |        0 |     0 |    0 |     0 |     0 |       1177 |  1177 |          0 |       0 |        0 |        0 |             0 |           0 |
| ieee80211_power.o                        |       1177 |    0 |     0 |        0 |     0 |    0 |     0 |     0 |       1142 |  1142 |         35 |      35 |        0 |        0 |             0 |           0 |
| spi_flash_chip_winbond.c.obj             |       1158 |    8 |     8 |        0 |  1150 |    0 |   140 |  1010 |          0 |     0 |          0 |       0 |        0 |        0 |             0 |           0 |
| wpa_ie.c.obj                             |       1154 |    0 |     0 |        0 |     0 |    0 |     0 |     0 |       1154 |  1154 |          0 |       0 |        0 |        0 |             0 |           0 |
| pem.c.obj                                |       1152 |    0 |     0 |        0 |     0 |    0 |     0 |     0 |       1152 |  1152 |          0 |       0 |        0 |        0 |             0 |           0 |
| esp_aes.c.obj                            |       1142 |    0 |     0 |        0 |     0 |    0 |     0 |     0 |       1142 |  1142 |          0 |       0 |        0 |        0 |             0 |           0 |
| pk_wrap.c.obj                            |       1139 |    0 |     0 |        0 |     0 |    0 |     0 |     0 |        899 |   899 |        240 |     240 |        0 |        0 |             0 |           0 |
| ieee80211_regdomain.o                    |       1134 |    0 |     0 |        0 |     0 |    0 |     0 |     0 |       1123 |  1123 |         11 |      11 |        0 |        0 |             0 |           0 |
| libc_a-nano-svfprintf.o                  |       1132 |    0 |     0 |        0 |     0 |    0 |     0 |     0 |       1132 |  1132 |          0 |       0 |        0 |        0 |             0 |           0 |
| libc_a-nano-svfscanf.o                   |       1124 |    0 |     0 |        0 |     0 |    0 |     0 |     0 |        992 |   992 |        132 |     132 |        0 |        0 |             0 |           0 |
| libc_a-nano-vfprintf_i.o                 |       1089 |    0 |     0 |        0 |     0 |    0 |     0 |     0 |       1001 |  1001 |         88 |      88 |        0 |        0 |             0 |           0 |
| common.c.obj                             |       1086 |    0 |     0 |        0 |     0 |    0 |     0 |     0 |       1086 |  1086 |          0 |       0 |        0 |        0 |             0 |           0 |
| xtensa_intr_asm.S.obj                    |       1075 |    0 |     0 |        0 |  1075 |    0 |  1024 |    51 |          0 |     0 |          0 |       0 |        0 |        0 |             0 |           0 |
| hal_crypto.o                             |       1060 |    0 |     0 |        0 |     0 |    0 |     0 |     0 |       1033 |  1033 |         27 |      27 |        0 |        0 |             0 |           0 |
| memspi_host_driver.c.obj                 |       1059 |   20 |    20 |        0 |  1039 |    0 |   183 |   856 |          0 |     0 |          0 |       0 |        0 |        0 |             0 |           0 |
| esp_rsa_sign_alt.c.obj                   |       1023 |    0 |     0 |        0 |    16 |   16 |     0 |     0 |       1003 |  1003 |          4 |       4 |        0 |        0 |             0 |           0 |
| pkcs5.c.obj                              |       1019 |    0 |     0 |        0 |     0 |    0 |     0 |     0 |       1019 |  1019 |          0 |       0 |        0 |        0 |             0 |           0 |
| mqtt_outbox.c.obj                        |       1016 |    0 |     0 |        0 |     0 |    0 |     0 |     0 |        989 |   989 |         27 |      27 |        0 |        0 |             0 |           0 |
| sys_arch.c.obj                           |        995 |    0 |     0 |        0 |    12 |   12 |     0 |     0 |        983 |   983 |          0 |       0 |        0 |        0 |             0 |           0 |
| wifi_default.c.obj                       |        994 |    0 |     0 |        0 |    13 |   13 |     0 |     0 |        981 |   981 |          0 |       0 |        0 |        0 |             0 |           0 |
| bootloader_flash.c.obj                   |        992 |  992 |   992 |        0 |     0 |    0 |     0 |     0 |          0 |     0 |          0 |       0 |        0 |        0 |             0 |           0 |
| clk.c.obj                                |        979 |   63 |    63 |        0 |     0 |    0 |     0 |     0 |        912 |   912 |          4 |       4 |        0 |        0 |             0 |           0 |
| rtc_time.c.obj                           |        979 |   36 |    36 |        0 |   939 |    0 |     0 |   939 |          0 |     0 |          4 |       4 |        0 |        0 |             0 |           0 |
| phy_pbus.o                               |        976 |    0 |     0 |        0 |   128 |    0 |   128 |     0 |        848 |   848 |          0 |       0 |        0 |        0 |             0 |           0 |
| phy_track.o                              |        976 |    0 |     0 |        0 |     0 |    0 |     0 |     0 |        976 |   976 |          0 |       0 |        0 |        0 |             0 |           0 |
| libc_a-findfp.o                          |        963 |    0 |     0 |        0 |   328 |  316 |    12 |     0 |        635 |   635 |          0 |       0 |        0 |        0 |             0 |           0 |
| cmac.c.obj                               |        963 |    0 |     0 |        0 |     0 |    0 |     0 |     0 |        963 |   963 |          0 |       0 |        0 |        0 |             0 |           0 |
| ieee80211_crypto_ccmp.o                  |        962 |    0 |     0 |        0 |    24 |    0 |    24 |     0 |        660 |   660 |        278 |     278 |        0 |        0 |             0 |           0 |
| nvs_pagemanager.cpp.obj                  |        956 |    0 |     0 |        0 |     0 |    0 |     0 |     0 |        956 |   956 |          0 |       0 |        0 |        0 |             0 |           0 |
| transport.c.obj                          |        949 |    0 |     0 |        0 |     0 |    0 |     0 |     0 |        883 |   883 |         66 |      66 |        0 |        0 |             0 |           0 |
| nvs_partition_manager.cpp.obj            |        936 |    0 |     0 |        0 |     4 |    4 |     0 |     0 |        916 |   916 |         16 |      16 |        0 |        0 |             0 |           0 |
| pmksa_cache_auth.c.obj                   |        928 |    0 |     0 |        0 |     0 |    0 |     0 |     0 |        928 |   928 |          0 |       0 |        0 |        0 |             0 |           0 |
| ecdh.c.obj                               |        925 |    0 |     0 |        0 |     0 |    0 |     0 |     0 |        925 |   925 |          0 |       0 |        0 |        0 |             0 |           0 |
| locks.c.obj                              |        919 |  648 |   648 |        0 |   176 |  168 |     8 |     0 |         95 |    95 |          0 |       0 |        0 |        0 |             0 |           0 |
| aes-ccm.c.obj                            |        892 |    0 |     0 |        0 |     0 |    0 |     0 |     0 |        892 |   892 |          0 |       0 |        0 |        0 |             0 |           0 |
| ieee80211_action.o                       |        882 |    0 |     0 |        0 |   328 |    0 |   328 |     0 |        547 |   547 |          7 |       7 |        0 |        0 |             0 |           0 |
| libc_a-nano-vfprintf.o                   |        877 |    0 |     0 |        0 |     0 |    0 |     0 |     0 |        877 |   877 |          0 |       0 |        0 |        0 |             0 |           0 |
| time.c.obj                               |        875 |    0 |     0 |        0 |    20 |   20 |     0 |     0 |        855 |   855 |          0 |       0 |        0 |        0 |             0 |           0 |
| ringbuf.c.obj                            |        865 |    0 |     0 |        0 |   865 |    0 |     0 |   865 |          0 |     0 |          0 |       0 |        0 |        0 |             0 |           0 |
| dragonfly.c.obj                          |        851 |    0 |     0 |        0 |     0 |    0 |     0 |     0 |        851 |   851 |          0 |       0 |        0 |        0 |             0 |           0 |
| spi_flash_oct_flash_init.c.obj           |        825 |   68 |    68 |        0 |   757 |    8 |   164 |   585 |          0 |     0 |          0 |       0 |        0 |        0 |             0 |           0 |
| partition.c.obj                          |        820 |    0 |     0 |        0 |     8 |    8 |     0 |     0 |        812 |   812 |          0 |       0 |        0 |        0 |             0 |           0 |
| base64.c.obj                             |        820 |    0 |     0 |        0 |     0 |    0 |     0 |     0 |        820 |   820 |          0 |       0 |        0 |        0 |             0 |           0 |
| pm_coex.o                                |        817 |  120 |   120 |        0 |   167 |    0 |     0 |   167 |        466 |   466 |         64 |      64 |        0 |        0 |             0 |           0 |
| esp_sha512.c.obj                         |        809 |    0 |     0 |        0 |     0 |    0 |     0 |     0 |        681 |   681 |        128 |     128 |        0 |        0 |             0 |           0 |
| pk.c.obj                                 |        806 |    0 |     0 |        0 |     0 |    0 |     0 |     0 |        806 |   806 |          0 |       0 |        0 |        0 |             0 |           0 |
| sar_periph_ctrl_common.c.obj             |        804 |  262 |   262 |        0 |   509 |    4 |     9 |   496 |          0 |     0 |         33 |      33 |        0 |        0 |             0 |           0 |
| hmac_drbg.c.obj                          |        795 |    0 |     0 |        0 |     0 |    0 |     0 |     0 |        795 |   795 |          0 |       0 |        0 |        0 |             0 |           0 |
| crypto_mbedtls-bignum.c.obj              |        794 |    0 |     0 |        0 |     0 |    0 |     0 |     0 |        794 |   794 |          0 |       0 |        0 |        0 |             0 |           0 |
| mac_addr.c.obj                           |        772 |    0 |     0 |        0 |    56 |    0 |    56 |     0 |        716 |   716 |          0 |       0 |        0 |        0 |             0 |           0 |
| aes-siv.c.obj                            |        771 |    0 |     0 |        0 |     0 |    0 |     0 |     0 |        755 |   755 |         16 |      16 |        0 |        0 |             0 |           0 |
| entropy.c.obj                            |        765 |    0 |     0 |        0 |     0 |    0 |     0 |     0 |        765 |   765 |          0 |       0 |        0 |        0 |             0 |           0 |
| nullfs.c.obj                             |        761 |    0 |     0 |        0 |     4 |    4 |     0 |     0 |        629 |   629 |        128 |     128 |        0 |        0 |             0 |           0 |
| esp_aes_xts.c.obj                        |        759 |    0 |     0 |        0 |     0 |    0 |     0 |     0 |        759 |   759 |          0 |       0 |        0 |        0 |             0 |           0 |
| raw.c.obj                                |        754 |    0 |     0 |        0 |     4 |    4 |     0 |     0 |        750 |   750 |          0 |       0 |        0 |        0 |             0 |           0 |
| libc_a-nano-vfscanf_i.o                  |        753 |    0 |     0 |        0 |     0 |    0 |     0 |     0 |        741 |   741 |         12 |      12 |        0 |        0 |             0 |           0 |
| wifi_init.c.obj                          |        748 |    0 |     0 |        0 |     1 |    1 |     0 |     0 |        739 |   739 |          8 |       8 |        0 |        0 |             0 |           0 |
| esp_wifi_regulatory.c.obj                |        748 |    0 |     0 |        0 |     0 |    0 |     0 |     0 |          0 |     0 |        748 |     748 |        0 |        0 |             0 |           0 |
| libc_a-fseeko.o                          |        742 |    0 |     0 |        0 |     0 |    0 |     0 |     0 |        742 |   742 |          0 |       0 |        0 |        0 |             0 |           0 |
| cache_err_int.c.obj                      |        737 |    0 |     0 |        0 |    12 |   12 |     0 |     0 |        613 |   613 |        112 |     112 |        0 |        0 |             0 |           0 |
| eh_alloc.o                               |        736 |    0 |     0 |        0 |    16 |   16 |     0 |     0 |        704 |   704 |         16 |      16 |        0 |        0 |             0 |           0 |
| multi_heap.c.obj                         |        733 |    0 |     0 |        0 |   433 |    0 |     0 |   433 |        300 |   300 |          0 |       0 |        0 |        0 |             0 |           0 |
| ccmp.c.obj                               |        721 |    0 |     0 |        0 |     0 |    0 |     0 |     0 |        721 |   721 |          0 |       0 |        0 |        0 |             0 |           0 |
| esp_efuse_utility.c.obj                  |        713 |    0 |     0 |        0 |     4 |    4 |     0 |     0 |        621 |   621 |         88 |      88 |        0 |        0 |             0 |           0 |
| libc_a-fvwrite.o                         |        695 |    0 |     0 |        0 |     0 |    0 |     0 |     0 |        695 |   695 |          0 |       0 |        0 |        0 |             0 |           0 |
| vfs_console.c.obj                        |        694 |    0 |     0 |        0 |    16 |   16 |     0 |     0 |        498 |   498 |        180 |     180 |        0 |        0 |             0 |           0 |
| sha.c.obj                                |        693 |    0 |     0 |        0 |    24 |    0 |    24 |     0 |        669 |   669 |          0 |       0 |        0 |        0 |             0 |           0 |
| nvs_handle_simple.cpp.obj                |        689 |    0 |     0 |        0 |     0 |    0 |     0 |     0 |        625 |   625 |         64 |      64 |        0 |        0 |             0 |           0 |
| cache_hal.c.obj                          |        677 |   60 |    60 |        0 |   617 |    4 |     0 |   613 |          0 |     0 |          0 |       0 |        0 |        0 |             0 |           0 |
| heap_tracer.cpp.obj                      |        667 |    0 |     0 |        0 |    14 |   10 |     4 |     0 |        653 |   653 |          0 |       0 |        0 |        0 |             0 |           0 |
| heap_caps_base.c.obj                     |        663 |  663 |   663 |        0 |     0 |    0 |     0 |     0 |          0 |     0 |          0 |       0 |        0 |        0 |             0 |           0 |
| esp_flash_spi_init.c.obj                 |        656 |    0 |     0 |        0 |    84 |    4 |    80 |     0 |        534 |   534 |         38 |      38 |        0 |        0 |             0 |           0 |
| phy_analog_cal.o                         |        653 |    0 |     0 |        0 |     0 |    0 |     0 |     0 |        653 |   653 |          0 |       0 |        0 |        0 |             0 |           0 |
| hal_ampdu.o                              |        646 |    0 |     0 |        0 |     0 |    0 |     0 |     0 |        540 |   540 |        106 |     106 |        0 |        0 |             0 |           0 |
| log_binary_heap.c.obj                    |        641 |    0 |     0 |        0 |   256 |  256 |     0 |     0 |        385 |   385 |          0 |       0 |        0 |        0 |             0 |           0 |
| heap_caps_init.c.obj                     |        628 |    0 |     0 |        0 |     4 |    4 |     0 |     0 |        616 |   616 |          8 |       8 |        0 |        0 |             0 |           0 |
| esp_timer_impl_systimer.c.obj            |        627 |  142 |   142 |        0 |    20 |   20 |     0 |     0 |        457 |   457 |          8 |       8 |        0 |        0 |             0 |           0 |
| esp_sha1.c.obj                           |        625 |    0 |     0 |        0 |     0 |    0 |     0 |     0 |        561 |   561 |         64 |      64 |        0 |        0 |             0 |           0 |
| esp_sha256.c.obj                         |        624 |    0 |     0 |        0 |     0 |    0 |     0 |     0 |        560 |   560 |         64 |      64 |        0 |        0 |             0 |           0 |
| hal_sniffer.o                            |        623 |    0 |     0 |        0 |     0 |    0 |     0 |     0 |        623 |   623 |          0 |       0 |        0 |        0 |             0 |           0 |
| systimer_hal.c.obj                       |        610 |    4 |     4 |        0 |   606 |    0 |     0 |   606 |          0 |     0 |          0 |       0 |        0 |        0 |             0 |           0 |
| partition_target.c.obj                   |        609 |    0 |     0 |        0 |     0 |    0 |     0 |     0 |        609 |   609 |          0 |       0 |        0 |        0 |             0 |           0 |
| panic_handler.c.obj                      |        602 |   76 |    76 |        0 |     8 |    8 |     0 |     0 |        518 |   518 |          0 |       0 |        0 |        0 |             0 |           0 |
| system_internal.c.obj                    |        600 |  584 |   584 |        0 |     0 |    0 |     0 |     0 |          0 |     0 |         16 |      16 |        0 |        0 |             0 |           0 |
| debug_helpers.c.obj                      |        592 |  592 |   592 |        0 |     0 |    0 |     0 |     0 |          0 |     0 |          0 |       0 |        0 |        0 |             0 |           0 |
| tcpip.c.obj                              |        585 |    0 |     0 |        0 |    12 |   12 |     0 |     0 |        573 |   573 |          0 |       0 |        0 |        0 |             0 |           0 |
| icmp.c.obj                               |        583 |    0 |     0 |        0 |     0 |    0 |     0 |     0 |        583 |   583 |          0 |       0 |        0 |        0 |             0 |           0 |
| lib_printf.c.obj                         |        578 |    0 |     0 |        0 |     0 |    0 |     0 |     0 |        578 |   256 |          0 |       0 |        0 |        0 |             0 |           0 |
| pp_timer.o                               |        574 |    0 |     0 |        0 |   124 |    4 |   120 |     0 |        424 |   424 |         26 |      26 |        0 |        0 |             0 |           0 |
| comeback_token.c.obj                     |        571 |    0 |     0 |        0 |     0 |    0 |     0 |     0 |        571 |   571 |          0 |       0 |        0 |        0 |             0 |           0 |
| wifi_netif.c.obj                         |        567 |   12 |    12 |        0 |    72 |   24 |     0 |    48 |        483 |   483 |          0 |       0 |        0 |        0 |             0 |           0 |
| portasm.S.obj                            |        562 |   28 |    28 |        0 |   534 |    0 |     0 |   534 |          0 |     0 |          0 |       0 |        0 |        0 |             0 |           0 |
| ED_sys.cpp.obj                           |        555 |    0 |     0 |        0 |    36 |   36 |     0 |     0 |        515 |   515 |          4 |       4 |        0 |        0 |             0 |           0 |
| pthread.c.obj                            |        552 |    0 |     0 |        0 |     8 |    0 |     8 |     0 |        531 |   526 |         13 |      13 |        0 |        0 |             0 |           0 |
| spi_flash_hal.c.obj                      |        548 |    0 |     0 |        0 |     0 |    0 |     0 |     0 |        548 |   548 |          0 |       0 |        0 |        0 |             0 |           0 |
| esp_cpu_intr.c.obj                       |        547 |    0 |     0 |        0 |     0 |    0 |     0 |     0 |         35 |    35 |        512 |     512 |        0 |        0 |             0 |           0 |
| fastpsk.c.obj                            |        545 |    0 |     0 |        0 |     0 |    0 |     0 |     0 |        545 |   545 |          0 |       0 |        0 |        0 |             0 |           0 |
| phy_common.c.obj                         |        536 |   15 |    15 |        0 |    31 |   30 |     1 |     0 |        490 |   490 |          0 |       0 |        0 |        0 |             0 |           0 |
| port_systick.c.obj                       |        526 |   20 |    20 |        0 |   498 |   20 |     0 |   478 |          0 |     0 |          8 |       8 |        0 |        0 |             0 |           0 |
| esp_crypto_shared_gdma.c.obj             |        526 |    0 |     0 |        0 |     8 |    8 |     0 |     0 |        494 |   494 |         24 |      24 |        0 |        0 |             0 |           0 |
| ieee80211_action_vendor.o                |        526 |    0 |     0 |        0 |    12 |   12 |     0 |     0 |        514 |   514 |          0 |       0 |        0 |        0 |             0 |           0 |
| libc_a-gdtoa-hexnan.o                    |        504 |    0 |     0 |        0 |     0 |    0 |     0 |     0 |        504 |   504 |          0 |       0 |        0 |        0 |             0 |           0 |
| flash_mmap.c.obj                         |        503 |  214 |   214 |        0 |     0 |    0 |     0 |     0 |        289 |   289 |          0 |       0 |        0 |        0 |             0 |           0 |
| mutex.o                                  |        498 |    0 |     0 |        0 |    48 |   48 |     0 |     0 |        422 |   422 |         28 |      28 |        0 |        0 |             0 |           0 |
| system_error.o                           |        498 |    0 |     0 |        0 |     4 |    0 |     4 |     0 |        402 |   402 |         92 |      92 |        0 |        0 |             0 |           0 |
| memory_layout_utils.c.obj                |        498 |    0 |     0 |        0 |     0 |    0 |     0 |     0 |        498 |   498 |          0 |       0 |        0 |        0 |             0 |           0 |
| hal_coex.o                               |        492 |    0 |     0 |        0 |    27 |    0 |     0 |    27 |        465 |   465 |          0 |       0 |        0 |        0 |             0 |           0 |
| freertos_hooks.c.obj                     |        489 |   41 |    41 |        0 |   136 |  128 |     8 |     0 |        312 |   312 |          0 |       0 |        0 |        0 |             0 |           0 |
| sleep_gpio.c.obj                         |        488 |    0 |     0 |        0 |     0 |    0 |     0 |     0 |        480 |   480 |          8 |       8 |        0 |        0 |             0 |           0 |
| esp_netif_handlers.c.obj                 |        485 |    0 |     0 |        0 |     0 |    0 |     0 |     0 |        458 |   458 |         27 |      27 |        0 |        0 |             0 |           0 |
| json_generator.c.obj                     |        477 |    0 |     0 |        0 |     0 |    0 |     0 |     0 |        477 |   477 |          0 |       0 |        0 |        0 |             0 |           0 |
| esp_crypto_periph_clk.c.obj              |        457 |    0 |     0 |        0 |     0 |    0 |     0 |     0 |        457 |   457 |          0 |       0 |        0 |        0 |             0 |           0 |
| netdb.c.obj                              |        457 |    0 |     0 |        0 |     0 |    0 |     0 |     0 |        457 |   457 |          0 |       0 |        0 |        0 |             0 |           0 |
| functexcept.o                            |        457 |    0 |     0 |        0 |     0 |    0 |     0 |     0 |        268 |   268 |        189 |     189 |        0 |        0 |             0 |           0 |
| libc_a-fflush.o                          |        450 |    0 |     0 |        0 |     0 |    0 |     0 |     0 |        450 |   450 |          0 |       0 |        0 |        0 |             0 |           0 |
| timeouts.c.obj                           |        449 |    0 |     0 |        0 |    12 |   12 |     0 |     0 |        413 |   413 |         24 |      24 |        0 |        0 |             0 |           0 |
| app_startup.c.obj                        |        440 |    0 |     0 |        0 |     1 |    1 |     0 |     0 |        439 |   439 |          0 |       0 |        0 |        0 |             0 |           0 |
| mpi_hal.c.obj                            |        439 |    0 |     0 |        0 |     0 |    0 |     0 |     0 |        439 |   439 |          0 |       0 |        0 |        0 |             0 |           0 |
| dh_groups.c.obj                          |        437 |    0 |     0 |        0 |     0 |    0 |     0 |     0 |         20 |    20 |        417 |     417 |        0 |        0 |             0 |           0 |
| spi_flash_chip_gd.c.obj                  |        436 |   20 |    20 |        0 |   416 |    0 |   127 |   289 |          0 |     0 |          0 |       0 |        0 |        0 |             0 |           0 |
| aes_hal.c.obj                            |        435 |    0 |     0 |        0 |     0 |    0 |     0 |     0 |        435 |   435 |          0 |       0 |        0 |        0 |             0 |           0 |
| rtc_module.c.obj                         |        428 |  190 |   190 |        0 |    36 |    4 |    32 |     0 |        202 |   202 |          0 |       0 |        0 |        0 |             0 |           0 |
| newlib_init.c.obj                        |        428 |    0 |     0 |        0 |   156 |    0 |   156 |     0 |        272 |   272 |          0 |       0 |        0 |        0 |             0 |           0 |
| esp_wpas_glue.c.obj                      |        425 |    0 |     0 |        0 |     0 |    0 |     0 |     0 |        425 |   425 |          0 |       0 |        0 |        0 |             0 |           0 |
| event_groups.c.obj                       |        418 |    0 |     0 |        0 |   418 |    0 |     0 |   418 |          0 |     0 |          0 |       0 |        0 |        0 |             0 |           0 |
| libc_a-ungetc.o                          |        416 |    0 |     0 |        0 |     0 |    0 |     0 |     0 |        416 |   416 |          0 |       0 |        0 |        0 |             0 |           0 |
| pthread_local_storage.c.obj              |        415 |    0 |     0 |        0 |    12 |    4 |     8 |     0 |        403 |   403 |          0 |       0 |        0 |        0 |             0 |           0 |
| regi2c_ctrl.c.obj                        |        414 |   44 |    44 |        0 |   370 |    4 |    12 |   354 |          0 |     0 |          0 |       0 |        0 |        0 |             0 |           0 |
| ip4_addr.c.obj                           |        412 |    0 |     0 |        0 |     0 |    0 |     0 |     0 |        404 |   404 |          8 |       8 |        0 |        0 |             0 |           0 |
| phy_basic.o                              |        407 |    0 |     0 |        0 |   224 |    0 |     0 |   224 |        183 |   183 |          0 |       0 |        0 |        0 |             0 |           0 |
| xtensa_context.S.obj                     |        406 |    4 |     4 |        0 |   402 |    0 |     0 |   402 |          0 |     0 |          0 |       0 |        0 |        0 |             0 |           0 |
| nvs_item_hash_list.cpp.obj               |        403 |    0 |     0 |        0 |     0 |    0 |     0 |     0 |        403 |   403 |          0 |       0 |        0 |        0 |             0 |           0 |
| rtc_sleep.c.obj                          |        400 |   28 |    28 |        0 |   372 |    0 |     0 |   372 |          0 |     0 |          0 |       0 |        0 |        0 |             0 |           0 |
| ieee80211_mesh_quick.o                   |        400 |    0 |     0 |        0 |   187 |  180 |     7 |     0 |        213 |   213 |          0 |       0 |        0 |        0 |             0 |           0 |
| phy_debug.o                              |        398 |    0 |     0 |        0 |    40 |   40 |     0 |     0 |        358 |   358 |          0 |       0 |        0 |        0 |             0 |           0 |
| libc_a-strtoll.o                         |        396 |    0 |     0 |        0 |     0 |    0 |     0 |     0 |        396 |   396 |          0 |       0 |        0 |        0 |             0 |           0 |
| interrupts.c.obj                         |        396 |    0 |     0 |        0 |     0 |    0 |     0 |     0 |          0 |     0 |        396 |     396 |        0 |        0 |             0 |           0 |
| 